52 64
53 63
54 63
55 63
56 63
57 62
58 62
59 62
60 62
61 62
62 62
63 62
64 62
65 62
66 62
66 63
67 63
67 64
67 65
68 66
68 67
68 68
68 69
69 69
69 70
69 71
69 72
69 73
69 74
69 75
69 76
69 77
69 78
69 79
68 79
68 80
67 80
66 80
65 81
64 81
63 81
62 82
61 82
60 82
58 82
57 82
56 82
55 82
54 82
53 82
52 82
51 82
50 82
49 82
48 82
47 82
46 82
46 81
45 81
44 80
43 79
43 78
43 77
42 76
42 75
42 74
42 73
42 72
42 70
42 68
42 67
42 66
42 64
42 63
43 63
43 61
43 60
44 59
44 57
45 56
46 55
46 54
48 53
48 52
49 52
49 51
51 50
51 49
53 49
53 47
54 47
55 46
55 45
56 44
58 43
58 42
59 41
60 40
60 39
61 38
61 37
62 36
63 35
63 33
63 32
64 30
65 29
65 28
65 27
66 26
66 25
67 23
67 21
67 20
67 19
67 18
67 17
67 16
67 15
67 14
65 14
65 13
65 12
64 12
63 12
62 12
61 12
60 13
60 14
60 15
60 16
60 17
60 18
59 19
59 20
59 21
58 21
58 23
58 24
58 25
58 26
58 27
58 28
58 30
58 31
57 32
57 33
57 34
57 36
57 37
57 38
57 39
57 40
56 42
56 43
56 44
56 45
56 46
56 47
56 48
56 49
56 50
56 51
56 52
56 53
56 55
56 56
56 57
56 58
56 59
56 60
56 61
56 62
56 63
56 64
56 66
56 67
56 68
56 69
56 70
56 72
56 73
56 74
56 75
56 76
56 78
56 80
56 82
56 83
56 84
56 86
56 88
56 89
56 91
56 92
56 94
56 96
56 97
56 98
56 100
55 101
55 102
55 104
54 105
54 107
54 109
53 110
53 111
52 113
52 115
52 116
51 116
50 117
50 118
49 119
48 120
47 120
46 121
45 121
44 121
43 121
42 121
41 120
40 119
40 117
38 115
38 114
37 112
37 111
37 109
37 108
